303226
303206
303201
303196
303159
303157
303154
303152
303147
303140
303135
303130
303125
303115
303110
303105
303094
303089
303084
303079
303059
303054
303037
303032
303027
303025
302992
302977
302974
302972
302967
302962
302957
302942
302939
302926
302924
302921
302919
302916
302891
302842
302835
302832
302830
302827
302825
302823
302822
302810
302804
302803
302800
302799
302796
302785
302784
302780
302768
302767
302766
302765
302760
302757
302755
302752
302746
302735
302734
302730
302729
302725
302724
302720
302717
302714
302709
302707
302702
302697
302693
302691
302688
302683
302679
302672
302663
302661
302653
302651
302648
302646
302641
302634
302633
302629
302628
302625
302623
302617
302607
302602
302597
302592
302587
302582
302575
302570
302569
302567
302564
302563
302560
302559
302558
302553
302548
302543
302538
302536
302532
302530
302528
302527
302526
302525
302523
302518
302517
302516
302515
302513
302511
302510
302508
302506
302505
302503
302501
302498
302497
302495
302488
302487
302486
302483
302482
302481
302480
302478
302477
302476
302475
302474
302473
302471
302470
302469
302468
302466
302465
302464
302463
302461
302459
302458
302456
302454
302453
302450
302448
302442
302437
302434
302433
302430
302427
302422
302420
302418
302417
302415
302414
302410
302409
302408
302407
302404
302403
302400
302399
302398
302395
302394
302390
302388
302387
302384
302381
302380
302378
302375
302374
302373
302372
302370
302368
302367
302365
302364
302362
302361
302360
302359
302358
302356
302355
302354
302352
302349
302346
302345
302344
302341
302337
302336
302335
302334
302333
302332
302331
302330
302329
302328
302327
302326
302325
302324
302322
302320
302318
302317
302315
302313
302312
302310
302308
302307
302305
302302
302301
302300
302298
302297
302296
302295
302290
302289
302288
302287
302286
302285
302282
302280
302279
302277
302274
302272
302271
302270
302269
302266
302265
302263
302262
302261
302258
302253
302250
302248
302246
302243
302242
302241
302237
302236
302234
302233
302232
302230
302229
302227
302224
302223
302221
302220
302219
302218
302217
302215
302213
302211
302208
302202
302201
302199
302197
302193
302192
302190
302189
302188
302187
302186
302185
302183
302182
302181
302180
302179
302178
302176
302175
302174
302171
302170
302169
302163
302159
302158
302153
302152
302151
302149
302148
302146
302145
302142
302140
302139
302136
302134
302133
302131
302129
302128
302127
302125
302124
302123
302120
302119
302115
302112
302110
302106
302105
302101
302099
302098
302095
302094
302093
302092
302091
302089
302088
302087
302086
302084
302083
302082
302081
302081
302079
302077
302076
302075
302074
302073
302072
302071
302069
302068
302067
302066
302064
302061
302060
302059
302058
302057
302056
302055
302053
302052
302051
302049
302048
302047
302046
302045
302044
302043
302042
302039
302036
302035
302034
302033
302031
302030
302029
302028
302027
302026
302025
302023
302022
302021
302020
302019
302018
302017
302016
302015
302014
302010
302009
302008
302007
302006
302005
302003
302002
302001
302000
301999
301997
301996
301995
301994
301993
301991
301989
301988
301986
301985
301984
301983
301982
301981
301980
301979
301978
301976
301975
301973
301972
301971
301969
301968
301967
301965
301964
301963
301962
301958
301957
301956
301954
301953
301951
301950
301949
301948
301947
301945
301944
301943
301942
301940
301938
301937
301935
301934
301931
301930
301929
301928
301927
301926
301923
301920
301919
301918
301916
301915
301914
301913
